6001775297
6338035881
7049251533
5599239416
6523627487
2986250373
1920710930
1463029193
2727830932
1795894533
2961699170
2317621581
7473772033
1619911784
1948030305
1901885601
1804399107
2624755655
6406317851
1648990441
1941205447
2195839357
1769544670
1750157883
6406130074
7054612127
6161766256
6364029035
1617710093
2325548177
1674067880
1318291270
1068248497
3088936073
1922022240
1004758061
1674567211
3266273171
3006804165
1110840514
1776448504
1765803942
1705627590
2167081207
1552849431
1895124711
5097344502
7258446663
6393062673
1863182593
7341642160
3939592462
1768399062
1768929574
1327047167
3265788052
1830327915
2981610895
3312008743
6257740340
1876156855
1050870462
1963688153
5979073039
2299825394
2565497472
1665176985
5149564186
3090747180
1092493017
5517220686
2893257553
3520552652
1290564240
1840255092
6398997034
5995245494
7295620105
1400229064
2566076015
2472158687
5581041195
1908567493
7474405349
5876686162
3296100495
1865368120
6089864456
7304113780
1735534331
6407612951
1077017335
1160698504
2706795447
7405776810
3210251184
7347260540
5677728558
1750634524
1900117675
1957124364
7109370363
1672365390
1908695587
1639597372
3115259807
5998921819
3232465454
1907865297
6064172774
5032811801
1649126005
1744653127
3193441137
2459367145
2846781784
2872244692
1031228534
2803899510
2320027540
2823776192
1280389331
6454229277
2786350174
1707785924
5866338771
6088522679
5899878536
5867725478
3847588988
2368455454
1840918185
3280515934
2564946165
5821390944
1988761181
1633662514
6431236270
3256497645
1870265637
6029268425
2648798633
1260165344
1639529981
2135866463
5874507153
1240631574
2413774550
5379657089
2610192443
6760371368
2264358493
5859210718
1963317031
2710213833
1862159992
1224838603
5793909922
1794181324
6839036050
5618141126
6263764064
1890262863
5546237280
5996244716
2072228534
1689622462
5717502662
2949872780
1994712500
6329022507
1227070123
5650015942
1762923331
7333489723
1062853110
3559777762
1492577444
1679704482
1299532580
5869439761
5388978610
1930483151
2619657215
2457602285
2722493191
5599900376
1024473630
2376104135
3145226222
3477398271
3686523390
2260856982
1639325085
2119727981
1702166410
6076189072
2414098502
1784064591
1836137782
1851231782
1463707815
7414331053
1133549870
6882841359
1066181742
2020025832
2612968661
2439185452
2723273482
5148153495
3542265934
2748459033
5836550074
1178603334
2243405434
2007409694
1616400957
2644595644
1611853174
6861936827
2692379542
1729816112
2258116103
1299116360
6860401242
3059104773
2832609980
3207014055
2704309595
3665504240
6356623591
1851517761
1192966660
6550470736
2441885132
2266923867
1819484891
7027783719
1301596887
6421571119
1988738597
5979253479
1246828190
1739746745
2751166205
2706770535
7270416771
1202354820
1788760045
1828595105
1801576354
2050260197
3212137064
1680471465
1580275663
1943393985
1956487363
5381630750
3199249641
1273437734
2610250991
1710518860
6413786019
3630306824
5825150043
1212188024
1222509665
2161478957
1682300072
3980781142
7036844810
6267427713
2709721682
2793236262
1901751947
2610876564
2399207074
2184750391
7288924808
3310656492
7333902597
2006147847
6440187348
6013479309
1683650195
1455643221
1911104402
6284270299
1267703402
5710620661
1275795921
1807377093
5699769691
2480365887
2705119801
5821057666
5810212567
2014305981
7416771540
1351051897
5148007691
1671181382
5846109310
6592143840
1926076805
6447640848
1812234684
7510777480
2129944290
1599808471
1244529392
6037687121
2938696341
7206392812
6659441512
1193258161
1953042082
7030512687
7384526207
5939248983
5628761599
5065886873
1828887954
2532502550
1161185334
6454369555
3831396163
6202364011
1820755830
1661510611
6357016358
2610475493
6015068877
5617256445
2403459594
3127526680
6551300511
6431905918
7375194165
3083713895
5601456932
1457003162
7423350525
1245775290
2877803870
1756519997
1612149640
1935110044
2237613615
1961397247
2624461971
5701560760
2728415062
2757514741
2004431955
5418756278
1659561791
6010658056
1405177363
6490994449
6383179687
2532030140
1925723352
2497196192
3599779494
5653188515
2204151730
1400887105
6533725676
2859385644
7152678733
6122783740
1987163183
1867422881
6549312654
1614862201
1435728905
1852299857
2769458511
1645289855
1953215384
1756377907
1902298885
1854129535
3565304227
5961019705
3737696342
5111326435
2661406914
1233628161
6882860322
1709163734
3960991746
1651669532
6506815026
2010999701
2649944373
1257692530
2292724833
1497266011
2104460734
6451855473
7271539403
3671330947
5253268678
2295067675
1711523125
1855787821
6059492811
5369922523
5241334499
2719983457
1063240861
6582188142
2954235807
1197196873
5675449379
1641501402
7332991818
7346220742
1272214722
2621475743
6193209264
3317768554
1650933581
7369428569
3886625153
7357079505
3432945104
2090591961
5038744830
7301561096
3202796243
2095252841
1403915120
7317729991
1286351605
1751354641
1819993315
7372848765
5220566157
1669134634
1492351337
2301669151
2164466345
1807846424
5509606120
1290357580
1983980350
1703797281
3538883541
1740397697
5091815325
1653859731
2133500025
7551203733
6527008246
2149981442
2626393621
2518890267
1498707485
1650738304
5063673152
5598574734
2071061233
5747715132
5939204645
5535036155
1719984830
2132702681
2890233092
2960989290
1956498357
1638720921
1030785105
1921551257
1527318174
1685631765
5780974966
1230020301
1964999017
5446651766
1745527490
5942447014
6382128361
1581544960
1786902461
6134197271
5251469269
6853423667
3009668633
1259813510
2341642511
5224333895
2163674232
1757573407
3939426052
1920535861
7142841253
3131749565
5927328790
1070515480
2664520347
1921648502
2850196160
1666330110
6171306584
2295643024
2082015633
1666770133
6080414928
5631115952
5167198527
1846302384
1202752293
3537091032
1793181644
3479629641
6564661174
1851057263
2918230217
1639404737
5732356251
5127199167
2653906910
5686741831
6131046398
5456956479
1856399894
2459924257
1677480615
1758476561
2403484123
5803335909
1719123527
1785480680
2874570612
5844573935
5128652823
6091338520
2120825980
1663010745
5785671792
1745822675
5316433888
1631955383
2056277053
1505632475
1898883457
1813555160
1402280882
2688556445
1180504637
1610902042
1940678984
1848870007
2125646901
5790648859
6126644951
6523498254
6077232687
6717914002
3184567572
1767405240
5593063623
1782488734
6710817279
2885382572
1458494820
1685802840
1278294873
1923726912
7399755168
2442217855
1654683682
5287426310
3054324355
1950151367
5393060654
2324900557
7155696671
2430711645
3613440743
2958332977
3303997794
1956890203
1346525200
6820693105
3782506141
2796202343
1823287210
1946244747
6131521228
5636724524
1241252174
2662315713
5975063980
1213052292
6148152462
1459358890
1142648704
3486035293
2786884673
5586344697
5593771225
2176645133
2097095242
7152183304
2219056973
2167652755
3699487467
1775617002
2200164557
5033393722
1727255213
2427274260
1863923694
2124524432
5661352619
6697043866
1628860034
2031473245
1665787367
2079185253
5832166835
3960568398
1869580850
5228293705
6739152721
1856677390
1284491943
1721484135
5477329954
1817437365
1692330003
5186750236
1193111400
5419632159
6622887230
1667631617
2509131102
6584007379
1502844685
7193374778
5604725794
2693857304
1968984453
2035418187
2636621191
6633498894
5854145270
5226013696
5979310491
6130649672
6761064620
1150552564
2795980052
1772847793
1707326784
2532693681
1980471871
5369396977
1218698200
1881588645
5678698919
6304607281
7411346650
2987585965
3207046224
1830837414
7216240984
6178400333
1644730235
1596996982
1876279531
2237403460
1298124720
2749401781
1779675107
1057734167
6164472088
6124612886
5234473891
5461712902
1781866371
2107042197
7130223539
5463702412
5393123060
1791442364
1510619033
2655823472
1215862823
3089481171
1763550852
7069484203
6152909911
1496915057
6018488876
2155987804
7405281055
1454064140
1783621125
5887973569
6664145898
1575168515
6319775820
5459183745
1844579242
2098425030
3669893730
7465018644
2176077174
7314316832
2334628860
1909583267
5339381146
1961640291
2522334710
5790531279
2498676527
2357701491
5227857547
1375229937
1796673902
2478812073
5855496637
1268499427
1682235120
3147292215
1613465042
5717398147
6112701885
1718726763
5083559757
5683346935
1337493725
1963270927
5141170675
6933830894
2253637894
1820380821
6305490806
1750513063
5531135964
1922946030
7405948893
6539767762
5861231583
6241127361
1414887574
1712354525
3305869577
1735610583
2219969442
1367679907
5941393245
2120270883
2943098833
6094672810
5897944861
6142697737
1959031947
3970374019
5172829747
3314238955
6478678328
1958473427
2464158382
3379830624
5458046672
1756913975
1891446865
2694793880
5410945006
1644101945
6392267947
2077028195
3309059765
3159573454
1913789942
1755370817
5734325998
2964493453
5711960368
1240304455
1653254963
2993107720
5867797477
3609302441
2949338000
1101962631
3224115587
1677336641
3687080341
5994952329
2530187325
1542698094
1655847780
2672503293
2451400485
3803080603
1059015057
5216087137
5525366891
5076553587
1223812162
1039238885
3354074740
5290227969
6682497131
7559253989
5662555038
1884024810
3896574304
6293852182
1728752564
1741209390
2230907404
3329985654
1242473502
7393542071
1714915730
6003325152
1669763744
1273759380
1406320502
5597138485
2411709094
5268940070
2021010225
6834454269
1658537731
1925027893
5520097422
5608302791
1625436412
5827568512
5239564971
2781649783
1428243147
1639966980
1496931340
1744996822
1747036803
1751101974
6510658423
2196737391
3196941451
1310237767
1730105480
1794500131
6190017765
2089118951
1065447052
1847680675
3189165860
2595396834
2139155362
1998988241
5865684347
1864857637
5640157596
1809631324
1914764645
1887312183
1807862261
1627455121
1807391080
1885688010
6918881345
1557576492
1737429143
1673665137
1440021635
3167717974
1798716414
2287259122
1416671622
2172694723
5517771876
2295204811
2367880167
2584964271
1052837325
1891368225
2621087333
3316351351
5859332350
1746683291
1849808025
2129432122
2073655113
6621325565
2404734980
6769901163
2651920390
6329156681
1883979502
6415996216
5972998897
3609639443
1298374217
1639530957
1822022935
2185877362
6147065263
1400242431
1408734653
1721741011
2749360471
5378543389
3090496625
2647755022
3527687082
2485743424
1798328940
2469100893
2645044133
1738405227
3139407667
5472011311
1218346612
2188025282
3313522637
1004580963
5519783421
1896743373
5915351464
1348834234
5235744929
1743965223
5996162984
2006277991
1248628767
2133802525
1548164797
1934594143
6313158944
3434415032
3608115121
3514843743
1687426162
1721297761
3226996892
5295397055
2696530637
6324043079
1913094142
1886255660
6164845823
6229544949
7303673325
6117297570
2025661723
2370899741
1724808042
5523485506
6028803570
5616492130
5793561170
5444842311
5685650249
5390000634
5545046106
1220268772
6491033191
2023408747
3568284361
1497983190
7292148310
1470803093
1799870982
3031762330
3895107933
2937566403
1855846127
3153851954
5649064769
2022252207
1625182743
5169577681
2477405371
2394530374
7166196005
2270795431
1734458530
2124970203
6067003283
5269925418
1006193284
1661759940
1197549321
1646082654
5469897178
1750270991
6346787731
1655427327
1783475181
2313983925
1817145910
1895576143
1553186924
6096765761
2610890330
2080389812
1158211483
2104910201
2231939020
1737344330
1401626337
1916057820
1947150945
2172054942
1604509295
1537265643
1094440193
6227929000
2627373652
2868006264
7422921281
5735067526
2770914283
1626297211
3220647951
1751724424
1605570342
1567560777
2020253241
6274465503
5832995728
1690708594
5851163902
5870284353
5311526446
1600463082
1547337607
1715876645
1252775204
1819045847
7531974056
3319870965
3276757454
1617527583
1222887030
3668581660
5632445135
6369930411
3176010690
5724323435
1781527194
6753569101
2342241412
3557100484
5746604742
1862825387
6177209623
1817217077
2517976657
7397646384
1791440130
1644851627
2321558831
7406702140
2165924982
6560511502
2099166537
5079653315
1867099473
2044243151
5979269345
5579232756
1916127085
5745116452
1891128203
6529839374
2752347357
2064119763
2216785993
1819068751
7130760536
1773037564
6514565125
2893624281
5677443709
1733745767
1960009942
1886176512
1134340003
1374657862
6539808573
1840227127
1618972813
1548786877
6399488878
1793344637
2236817715
2257047523
3180086671
1798618264
6524342221
2238953730
5696762914
5774795519
5673175208
1363143941
1631181223
1686698605
1431412394
2854718254
5344613338
5932903085
5766179244
5683860740
1577826897
1909107680
2189735300
6910831244
5983284066
1915021565
1979911501
1203831970
6589472650
2801473770
7077550103
5312195141
7337452874
6404078741
1730303954
2830817960
2814493542
3449887972
2233837361
7441940276
2543640994
1582922582
2025479687
2050513295
1736693382
3602476340
2046281757
6409434948
1648894531
5210016861
1804773423
3053244325
2902447910
2034280670
5886351016
1812166904
1285452502
1821202294
5957788035
2122948601
2296171693
2945166313
1623270792
2445582815
2451876495
1648782501
2868370350
7402693307
5256456311
6054507973
5537409557
1465027530
2375310651
1748394055
3486180151
3725773862
2940746931
1908577283
2864508912
7389464766
2476637461
2787852095
2606788991
5843853726
7550471558
2068795981
5824653925
1344860113
2041651771
7339310208
1759222255
2174149604
2823689523
6088466901
6020194584
2889342480
1716826231
1792157654
5776706127
5422224270
2803773712
1833550020
1887826884
1648685121
5577697944
3871861649
1211113332
5911198285
2785347507
1847056005
7390575177
1216265283
5422881352
6431359521
1620119650
5742508459
1548674942
1641367807
7348169207
1837948162
3166174612
5020990821
1631463710
1066197297
2287365501
1422355121
3786928973
6171687597
5690970823
2172416150
1767613501
1404241035
7418741097
2343372547
1609443432
1043848755
2635418993
1459272740
1601606214
2119634983
1730123695
3490700531
7191298273
5947539804
1788722784
5062878707
5344037025
1746658980
1198752630
2402618443
1052447474
2095677581
3808007273
2073396170
5375468396
5338877975
1628196115
2323460484
1973368070
6258998033
5200708318
1434999734
1584526667
1798032167
1180860635
6191206900
1242592465
2598901455
1645346570
2099801040
1062804894
1139851574
3207410361
2684080761
5401463028
1813047827
5821676751
1689192535
3941816190
2945303781
2136927432
1845935593
1973100841
5129016957
5723149295
1189615035
1326258794
6270284478
2182231263
1888655105
1761047370
6211153381
5503504780
2507816511
6150315109
1508386642
3200700411
1772165352
1890456942
1210611905
3880930124
1853763625
1402826951
1966380590
5866074016
1914531260
1768636231
1759015447
1895859130
1917312807
5597705779
1410818932
2667595283
2183487935
1741849177
3283036957
2864170620
7334898136
6716505133
1403936721
1644282760
7468219857
7448292615
1704007294
1787388727
1244703953
1349495242
1065838433
1948817985
3858815546
6013249944
1740461794
6301921859
1727006174
1886280650
1446001560
3938665486
1270739603
1896720391
2693420092
2023104767
3276099007
5943769322
2391317573
2590306201
6697776016
6301725233
5182777943
1920566193
2156466452
2235844972
1744543330
5284033840
2126034191
1794565245
1786213845
2561744167
1671194705
1247927184
1714188523
1727379614
1621482350
2627428575
2689094457
1804667993
2642264540
6970670404
1724357972
1400469524
2612672042
1765518143
6033453137
2407529537
1652842013
3928759749
5614350686
5616578103
1986501907
2286818573
6447211492
1298775150
1231668867
2734859547
1648891665
1644709873
2553171431
1223250145
1642360757
6172978260
1648970040
6378068281
1410064433
1035458877
1774892374
1614148533
1909479221
1923469617
6351140792
2425008650
6596223787
3359309784
5943128518
1275755910
6438207517
5522810625
1760506262
3485013713
2320231421
6267418118
5821731657
1228647020
6999808200
5319635720
2650550425
2137500947
1676414104
1722150384
1316224750
3175393831
1233914290
2413275651
2654660924
2971787257
1668336530
1595839542
6893087392
6382577219
5617053393
6936299062
1480219172
6134217127
2704847961
6174833351
3896277144
1396454421
2427303621
1280257254
1763251165
5979495016
5648145458
7168897192
1820442554
1879877541
1750388124
5654075673
6053670112
1428653811
5171254102
5898710263
1495452561
3108217801
5826198850
2837069384
2260101255
2094390301
5390626947
3176612605
1805315722
7331371508
1431065881
5515911489
1658749840
2521282987
1730317584
1403815095
1613258127
3217909484
1903951291
5631482854
2216529910
5892687654
1690509477
7231497816
1368872517
7364460195
2164650254
5601446502
3173692767
1200933465
1814147237
1772367780
1650413512
1272282165
5519440294
6039764706
1195954861
1645376007
1656213002
3189089501
6414566905
1169428840
5758876511
5628031823
2045567067
1649014072
1774390367
1279901845
1906965725
1898451853
2194868354
1990844157
6048569942
2492713787
6378010450
1740178412
5835701368
2094192812
5184735878
2045259394
2024437475
1590714984
2138516603
2017970915
2185409580
5025638646
1562989541
5602100947
1712398333
5592068666
6305582542
1628102985
1324243857
6595951538
3212482677
6208423749
2395625380
6549601726
3905005476
1687321911
6523849711
2192480027
2519725045
1645940701
7366028103
2879208450
3097411811
1785148903
2218631862
2328017162
5936992754
3962657498
1885411364
7044602596
2270616407
6410327220
1824575681
6295143815
1613962150
5902842495
2627750207
3960772478
1862792321
1905655947
2702339024
2156166350
3911906785
5024952041
1863275165
5497020047
3182235182
6585202813
2552738401
1903256441
6358750818
3888149576
5698683072
2214838982
1614037520
7313500263
1557303822
2168620893
3816959216
3178079602
1672335485
2647339483
2557803795
1760148543
1935971725
3218829185
5183675629
1862364383
2260535390
1862203812
1732279937
3316859765
2012234115
1264226604
2799505964
6103254119
2203023924
1220099695
1869652935
2479942755
5092810411
1935104792
2231479231
1697954975
1265929142
1793008014
5184885445
2094492512
2651628150
1280110097
5884404193
1713203011
1841090135
2692903952
1788911247
5901172632
6436111077
6514012077
2204260377
7339632902
2112990063
7413982001
1760373740
1203091483
1951679543
5891168250
2081846663
6342535678
1629800237
1657986390
1004299190
1054096047
2157730525
5493475620
1687232190
3314507407
5289808242
1931003243
1742858170
3798078660
6228292110
2819914674
1920136013
1155539021
1861633000
1022048134
6417952406
1250393421
3660965207
1624755192
2583904280
6174606644
1107613433
2463443241
7391183249
1528574201
6069041324
1807431965
1227832437
3092411731
5631457141
1774987535
1271801051
1786748545
2630200737
5997908895
7239209368
1648844612
5628105945
1748757800
5375960520
5584481316
1957802772
5040955225
1744309167
5411721009
1806958811
1649304683
1904313121
2674018164
3225264192
1078633294
1705311007
3957106996
6174602953
1281219162
1794039943
1792085627
5869242414
1584767400
5012851964
2173900455
2130002003
1662048235
5089162436
2763496631
1887341152
6437547230
1698299691
1431225964
5333354697
3189757602
7460736622
2255334687
1347712670
1812521151
1108242961
2039983512
6113601697
1582461660
1626082703
1771140437
2453033430
7086091308
2479314007
1818796397
6484470508
1617093763
2547505794
2019732023
6226935164
2316933694
2092149821
1748450132
3285185471
1573242867
5817229811
1301710240
6344295434
1320398444
7498920657
6516210887
1232751497
1782692014
1068980961
1732927460
5192242809
1275825197
6427069639
5511475864
1285272157
1195031270
1213328234
1241146247
1863896860
6457254997
7480713143
6670373770
1745507755
1911611100
1228142985
1817559703
2530447781
1736990035
1709455201
1904634630
3147957861
3639797452
1957744370
1750063874
5357799386
2510076995
5272213154
3006296365
1638404983
2703648835
6770064611
1721307663
1425663374
2105581513
1245242010
1868515735
7353962044
1224186020
2332566353
1751383493
6121504225
1503497432
6563508680
2692167841
3218538512
6602503367
1258468660
1262396461
1277349190
1272741367
1731325783
1772194645
6596270891
7069395243
2769983957
1629359974
1174306797
6058108621
1133689395
1307143381
6556240361
5538608321
1417037145
5627362571
2406776030
2952218365
5836572823
3996520880
7457690410
3566772372
1692091970
5626851327
3674108277
2895672947
2210201012
2254622542
2320508010
1844788954
1853850492
1256938620
2011270181
5269238302
1577602623
1958345455
2418410412
1680339791
5135867315
2115034114
2335003751
6316458946
3881519826
5999363519
5340337769
1649211301
2803686571
1344386244
1790589935
2284482854
1811893237
1811568690
2485643625
5097174964
2314630817
1733085554
1224900857
5781260867
1218957517
5201574605
5657583071
1585428865
1704727303
1781118852
1733570172
1288645120
1229236953
1000890063
2460778497
2084815445
2313592895
1404885763
6467854239
7395299383
2427629121
1678644831
6072727927
5120334252
6094992846
2761139954
5168635837
6367087693
6211272937
6826233218
1736118150
6224745881
2383018421
1462552767
1944816365
3949671123
1676899061
3523916795
2746296141
2278459904
1850145517
1660526995
2128255140
1715722803
1276633573
3927298812
1557685513
1267536671
7590886088
2794773565
5977013334
3357152940
5797054629
5478058618
2710739767
1662235833
1946209484
6052800751
1709522772
7398283160
6094534779
1217330363
5885792899
7497859867
2871778385
1759943721
5973399406
1849601770
1528274033
5641403020
1298062167
1641545285
1741433241
3753423115
1781202627
1762509182
1827243543
1971538745
5593953833
6535898815
7264589101
3648775671
6364347879
2212188093
1961318041
2453209901
1869017610
7473062578
2894115102
6094390588
1158180841
1729871323
3931224384
1909576453
6264071409
5264508607
7340734455
1247842652
6209001943
2260149724
5313269158
1470809487
1193415831
3948713134
2366542571
6409579748
7267640667
5015695726
1747602243
5356717800
2189872825
1404301792
1237389341
2213561393
1855113077
6146072027
3982388609
6592329339
1951831015
1655253920
5769702533
1758013813
6087259474
1865949640
5578350522
2371790457
2021952761
2788008562
5663387717
1829199117
1944554947
2929571482
1497714867
2864927110
1439125291
6200656399
1993052485
1460488882
1861744550
1423932667
6073802030
6354475832
1650486385
1617566333
6182682803
2041266127
7464951787
5516671063
2103206685
6541609047
1198392970
2240689720
1780446703
3992699932
7300628709
1496878501
5605472002
1856332023
1663561194
3803785662
5899751258
2038340521
1954778190
2471873547
5943361057
1417975257
1853164601
7150958288
2417537474
1311741423
1764996382
1910965581
1730784747
5640356911
5665478463
6343832443
1799966461
1664822514
1750593625
6656506570
1341853473
6691818110
3786692794
1669575670
1848860477
5163141742
5819320755
6486993049
5454323860
2630182381
76649
5305046880
2034325732
3756237190
1852554501
5075595499
5896999321
6392801069
5237616829
7399572435
1585725377
1664325643
2087019057
1838388131
1817445571
6361264346
1846963995
3606996441
1589987323
1731201721
1322905905
2938017287
6080020630
1881232745
5656273201
2734169507
3089487123
1794079342
2728453683
5389317001
6360838545
6781622727
1426804841
2054544227
5210843684
1823932331
1645425130
1288620577
2945581833
5851017366
1680986321
5160411565
2490780034
1632467837
1108629855
6090934300
1954038987
1710406277
3234108532
5706301793
6063624508
2703661301
5498931477
1492213200
1706360617
3939531020
1434405353
1309428045
1375953203
7433153111
1759496535
3833189349
6675501176
1402829437
6747400390
1689774070
2953932540
1813687067
1875293522
2284130703
3861049169
1336529800
2806967424
5611745221
2399301482
2152651263
1286584512
1295470094
2079468590
5774348804
1667007365
1789551950
2452907185
1235564262
2723728523
1403418835
2335383682
1078614865
7036520493
6067819454
3036506192
1626136330
6440258740
2466588640
1929257282
2509792793
5249689257
6343512594
1813610770
1740806873
1667629881
2299274813
6005643976
2439409725
1655890975
2819501811
2078755137
6551258245
1655107271
3861130273
5314299098
1973326124
1420099171
5992594551
1224818760
5253090679
1052767975
3899482960
2653373321
1582231491
1840735635
5328669218
2689037485
5501375360
5919834352
2086220694
6355209088
2281878665
1078776745
5247938240
2242041710
5948813402
5660839276
6013365011
6762136156
2095901441
5513509073
2038212177
6370011631
7161934332
7383999691
6345198304
6190030326
7280445329
3355321230
6299494541
1655026693
1827138955
1408047160
1243711732
1733152694
1860463372
1929029017
2727520905
2039250863
6358469231
1405125307
2715040284
6286300840
2034868214
5482669656
1687239863
1065105440
2589547811
6484413011
1613209864
6968345671
2704051942
2375589127
5380827259
6503323978
3201755413
1888332223
1149665262
1848150272
1579533901
1230200815
1596263433
2977077222
1874304712
1250060497
1478589492
7309484609
1223465794
6515309699
1303190400
5480863590
1856699770
1845790602
2017520437
6103252147
1424512311
3935696781
2492866750
1352395181
1832447572
2783190761
2614870733
1980291651
5195620023
6489203451
6333977683
1931783803
7224902278
1642037123
2036847162
3916366540
5898244846
2832958210
1218981184
2651196052
2007123633
3186018490
1895482303
5013269883
3675525193
2043979981
6356841283
3639470012
1644886205
5209198396
5051748117
1265211792
1699740504
1712244273
6142907913
1228840560
1994998151
1434624975
5708903767
1611998284
5861184617
3379308670
1796445350
1938418723
1877234910
2323760064
5338698416
1230618630
5899876484
5587677731
1724056310
1715604255
1654512001
3966898805
5497318773
5617003147
5977940875
1752042413
1624195875
1743323993
1648743302
1253531973
2260315337
6232319796
2041586744
7256179950
6774988331
1705002621
2672052335
3664122147
2790987297
6076566991
5333258622
2199315474
3636000115
5626378483
5798129964
1598468367
1940798632
1255250097
1942286621
6036510456
5185342343
1337447401
1251161973
2108709587
2164875510
1414705722
1843833747
1769228100
5872550545
3243817082
1461522430
6134310030
1028013932
2597263223
5331140577
2682216165
1859972670
1044714481
3509113030
1670183810
3020811211
1256970057
1599650125
1157502503
1011889351
1044665405
1920072947
6516022041
2045733393
6535544286
2815396022
1294943994
6824908610
3733026753
1078559203
3175051180
1241665274
5293500503
3141296113
2935568055
7203097312
2251351504
1770074717
1689776415
2284971475
6466587669
3182732023
3905559211
3820543634
1859039932
3261025102
6543773685
1955362095
1303758650
1862634773
6129540176
1697295691
2304291523
1661692882
7394084439
1266805741
5106602573
7294698236
3459585370
6112709261
1210347234
1886675274
1625908984
2659135671
1307296987
2934656870
2378564111
2038111411
3336646562
1452977132
1888482760
5615706731
1801150877
6330708010
5909342713
1732093045
6365924339
2885256544
5643503719
1740979351
1188296664
1919959713
7478692399
5729126469
6070149577
3170766712
1537054261
3105258531
2794283127
7327219328
5255973985
3965444580
7460536517
6347778035
5342884765
5687255483
2049405783
3412668714
1955563285
5362722851
6067934964
3946599572
1705337060
1759411151
6586349093
1914170245
2993372970
2739220444
3110463661
1886005494
2115147291
3672703730
1249159055
1114286271
5659598386
1841203302
1963703807
6530836791
3808525099
2254113633
1776048517
1724187070
5975516544
5592695263
2291731771
3958483279
2131919841
2828793792
1341216127
1829410364
1888743891
5783264196
2952467427
1594386001
5303807255
2145369343
5253286309
1831348402
5357699078
5379463001
6040725343
1210507130
5602059460
2234552124
3638245755
2153184883
1882417792
1214119931
1066228402
5627461555
1811022885
1448799887
2250141533
1657764041
6379711322
5985666104
1578336500
1686709997
3175594150
2921603920
1130556244
2611791490
3731121581
2820231922
5623080848
5863498042
5526912335
1649155730
1744122475
3764674343
2889669744
1663381923
7383951205
2837293720
1303632972
7125098880
5062856580
6328807959
7142105783
5681919108
1189295834
1592705513
5690082621
3370070480
1928540007
1781394465
1773172861
5927536709
5708130438
1901445543
1420841140
2009680531
2096203300
1739046981
2531996454
3033589371
7320725621
1920318695
5206998913
6486930715
6035653894
2617646644
3545278721
5917804563
1862466962
6172866479
1989567707
5577885655
1619056353
3022732373
6468065263
6577232105
1432418975
5175429989
6213574267
2162738873
1217297694
1144525953
1030042273
5975251298
3846496562
1567587387
2654591444
1586261253
5393380789
5013204199
2153276501
1890611192
5103128090
6225323621
1602096204
6698284626
1236532807
1497714725
1686901854
3774093104
2214340953
5560733326
1921178767
1496840462
1760421017
6682170652
2337241217
5994527442
2032759640
7074566246
1960732503
6398882923
2251908597
7372747773
5585386410
1159746725
3290896365
3518976467
5883600795
1194868525
2657589032
7542580540
1316790223
2030935042
5219512437
7307404534
7524261192
1722861871
1937497267
2567657232
1612434294
1822179741
6082015238
2550313784
1497460042
5098952081
3002792573
2564887587
1598540283
1289113135
6267257411
6797958505
6371967518
1650970764
1264341240
7142114548
1793582730
5837697857
1954050941
1723261380
5100986211
2243855911
1410843462
2878056165
2272768225
6640671878
1265965213
5117407357
2167379672
1227639907
2642969345
3213060995
1677416127
1393017020
6420463831
1876943407
5319836236
1552723061
2993808051
5491812032
1907850507
1774894770
1170980471
1783170751
2662402873
1765723520
6698584014
2103281047
1236762247
2819201770
5596719706
6545124232
5408218082
1495372051
2104580380
2251167062
2496393764
1444225292
1195306707
1263406744
1750226457
1761786343
6875308152
1881320895
1095217041
2102659677
5681310577
1462888293
1664318955
2062870327
2105025177
1654490827
5676397033
2436046350
1920379801
5641311213
5310544425
1739628971
2390865980
1826780577
5589966216
5916982203
1338705475
2066766282
1497161671
1519113612
6446576107
1775019491
5074671353
1605644004
6252349312
1256297812
1841017701
7419315178
1402400261
1888443997
5075579048
7011030877
5995044214
5689505770
5172748267
5983422520
1886433193
7481458540
5211848102
2984094261
6616523296
3340985250
5613993790
2662534925
6372092893
3870717504
5463472460
1889672082
1475290530
7088083874
6273518401
2481092927
7433161452
2809885303
1286517275
6416483554
1237003944
3016882097
3295062105
3281096697
2710365983
5997543311
1411056397
5266684763
5680709754
1862936250
5203033418
6568497405
1405759702
1243284784
5102822742
6405810367
1862995273
5468143870
2893399571
5266009547
2422806680
5246067697
6171715164
3296698620
2677056914
2395855922
5018932800
2035648670
1966327084
6305343981
1887931034
6686246548
1830483711
1413907332
1631298250
6065217953
1825129621
6408615533
1401186823
2474085613
1858940180
1791902293
1175406475
1975610130
1162938474
2627535055
6433234952
1675780187
7109423285
1170229657
2208945711
1918322645
3832107526
5249858277
5904330574
1870770411
3318097830
1368264577
1421256697
3797437255
3895266765
1750071275
1882168043
1250588341
2151297803
7005777505
2299862532
5306862388
2019071187
1867847737
2075544173
1868493055
1305972435
5945768920
2547958080
2281454430
2391322817
1896833245
1662766362
1750746200
2728749874
1912149981
1565726780
1765853631
6452285728
1768644874
5597178329
5529681092
1222530853
6226022546
1719501053
6539078030
1735887137
2169936157
5599642467
6368643184
6433058007
1874684535
6087764807
6674706415
5564927603
2005483677
1813410261
3737506287
1841814625
1978687220
7372158395
1279057517
1788646881
3774640327
1957800054
1819102687
7255302319
1766780711
1159402801
6290520964
2531039657
1068675981
3344771140
3251213862
1637221207
5764525560
3800000999
1215031834
2609660273
5888120096
6446581696
1525875683
3340243602
1253518403
1270493591
1645159660
1987900727
2232421934
6294417401
1728715190
2713218734
2258959884
6915891722
5451455737
1449812700
5540021041
1575142931
3189109495
5918931035
1270709290
3200498577
7115591067
3975004458
1796283934
1497574603
1813834955
2954626225
2484325021
1660473323
2264583112
5683583096
5331887652
1045604217
1044980795
5353390399
5474178263
1828192211
1829833663
1191258123
6143842375
1400395193
3206985652
1894214290
5517026248
6087557589
1629864481
1852054127
1846037105
1902738807
3954698413
1130840144
6371176011
3584876164
1783675223
3920631851
2787893582
6240618494
2146007644
1732464917
1481944214
1892184703
1918515627
1251403065
1903934820
1809839380
1371631875
1849579090
2173878502
1747992743
2143939264
6063364171
1498115692
1426910030
1971423897
6102529889
6373667114
5213714933
1971386205
7384861430
3001843303
6307127628
3735816254
1779654914
2738470165
1857345450
5263651048
5140552811
1953395934
6558178202
2425720604
1280746702
7003810734
2412864435
2061664881
6612245138
2369134977
2950897985
1251630661
1707864552
5884290426
5806683230
6333942182
6028494329
6077686113
5890585170
2477135851
5872605952
6230991616
1714904164
1268240547
1768769172
2698193575
2118897584
6327054758
2838826300
5284408940
3703992972
7326174336
1621411234
1655367423
2302129312
3318704034
6852239294
2388767177
1214449551
6322477241
6004435950
1751775581
5944478848
1967430742
1954389275
1654253561
1775918125
3991196187
1792547357
3047946821
1223450301
1696512981
5711278185
5334471290
1801769410
5666763063
1256042280
3134584401
1320230954
2871156500
2808183652
6368690293
2857631240
1037355004
5531339971
6791298205
1073277137
3775056661
2132973605
5400431801
1416793974
5067573275
1316399377
5281280979
5046386658
1626168054
7291491964
6181701301
2148365500
1735031064
1568410213
3300310637
1916895347
1162178432
1647865744
5577405528
6453094112
1918541453
3626253941
6890070834
3383846112
5676980492
1746958511
5160468826
2492287940
1676995221
3167752321
7316892780
2621227553
6485156633
3010420480
2910047263
3018641287
3211249167
1435329210
6864514712
6056657061
2129449793
2010822807
1742728030
2967148481
1566190930
1890829512
2824626113
1286900981
5308773477
6023110782
1837535330
1240183873
2034130371
1525803533
1704694062
2358477345
2308855460
1498169387
1292500887
5591485683
6277979080
1893289714
2271158373
1950999631
6224236873
5753740973
5139361229
3056354293
1554099633
1496902270
5876511691
6001317383
1774124194
1743295285
6755891821
1909367514
6510092220
1635106672
1061713792
3210693695
3927124012
1035085990
2129697541
6545125123
1629076373
3893930011
5671685985
5756432229
2367392191
3849050029
1199272300
3181575811
2382064902
2467439041
1107471875
2947664451
1969030412
5376378104
1058406865
5980186708
6048004098
7028493754
5118888320
2378123772
1245013407
6077406602
7478014974
7397923408
1419517335
1634216650
1894493632
2589574150
2201109250
2920099781
6435271328
1040731452
1751209943
5272170499
1794350831
2422631234
1310630777
1901692317
5617788358
1950689245
5900152836
5902995241
2320484485
1797187531
2034686931
6432730710
2262351592
1530160571
5161470488
5852382124
2865173110
1287656950
1198291143
2713162425
2264635847
5403970229
1851785454
1787469992
2008876685
2278432163
6631645832
1231828962
2685739693
2427342952
3748707544
5650822080
1764158343
1692891433
5212464514
2868910474
2050067882
1775506770
1795245552
5319631912
5071088383
3799322345
1941746203
5337990785
6522947313
3594446491
5738771023
1767620360
2116149793
1688208774
6611692167
1681102665
1105989411
1295674790
1557283450
1919714940
2216299193
1404671283
2770870113
1922233745
2232990523
2302108531
7211659998
2521600165
1308126850
2523185197
1246151574
3215693603
2448028853
2416003034
1852281045
1873398564
2904402847
1765048047
5108800540
5267105255
2101707714
1878723407
5960939434
3536826167
5605096981
5581262785
1908571067
1229906331
3087900272
1845513843
5811341303
5838373206
1843170992
5406605128
2230278551
3234031574
6074581063
5124722430
5522210722
2219081602
5501302205
1957056403
2053540083
2602429030
1679117561
1804887727
1871365715
3807775127
2715065635
1647486362
3013148215
1409871493
2398286384
2559106827
5717311941
5587463354
2128641761
1797773862
3879989310
1762222522
1658988854
1214199295
1181393940
3552348910
6128338938
1187354232
7310392191
2128281240
1794706691
1794553401
1676133907
1742469302
6505183481
5232055343
1226729013
1797581270
3163204804
2632269023
1353509550
5218266096
1908758204
2278718287
3649885870
5419819183
6599394805
7524392184
1855962907
1672109650
6038922387
1816011541
5687445105
1691327452
1162720110
1750070572
1748067122
5711128695
1901720275
1705463903
6081538543
6494782510
1405998362
6901600230
1835976975
1824856007
1655746665
6673451609
7067517005
1940861767
1759168351
2140664861
3030737153
2650596074
6049305333
7418746576
1781138107
2605183252
2626948743
1948641401
6096382092
1284013267
7304118254
6894037778
1168377245
2284733714
5634568235
2155926845
1787115674
1100001644
2901726404
2993053697
1630409893
6859194843
1276237944
1768082924
1582009837
6979797477
2856858024
1198595367
1771167315
2598655155
2171124700
1868471012
3210079804
2079651001
1749268063
6529994224
5090528492
3613151392
5341832954
2136881964
1514733017
2731976741
5095950706
5021036786
6307785786
6296110788
1728892794
6447849529
2617027721
6493566642
2336881230
1644419370
6534578195
1894311380
1939881242
1903642877
2271008647
1695758607
1066084335
1401921941
2330077697
5221640896
1658497805
6900638779
5528187747
1476938315
3847256060
1769433104
1781312093
5500863391
1760192800
5063964379
5898190036
3634475497
5269008757
1883265650
1402828774
1672469653
2034715395
5298047522
6287324112
6939707026
5340092141
1163731130
7232009615
2371558822
1694523924
5109782934
3268929681
6283693211
7320179234
6587666403
1146840787
5214320143
2827386331
1627080934
2011972871
1677241611
5909050518
5463740740
5622552922
1561844124
2151622323
2879367221
1745384952
1837985924
5095039146
1282417803
6079887320
5127708168
1911539921
2230494565
1652436065
5654436412
3756862952
2487613615
2192919030
5814221498
1712782607
2252513595
2143580857
1002754990
1853811981
2133638570
3297718535
2204498610
1783647731
6171674423
6389400375
1672587573
1648998302
5895024362
2159553687
3297467945
1876131803
3848691240
1740246602
1895817327
1423320142
1891104822
6558754737
2485760165
5993599894
5177052489
1780860425
1632454452
6533874763
5198325792
1876586163
5730180040
1685920342
1865216270
1714799767
3248636873
6311417880
3230607987
1817472001
1647415197
5643320089
1631035873
5198011111
1674427277
3969655568
1764591442
5251450492
1833532040
1761582502
5248106973
1000124571
1790787681
5227892437
1517931890
5389953206
2629862957
2375309913
2191581955
5309242436
1689938235
1554226303
6715794259
5632479528
5623346827
1400776392
2619157784
3846031233
1242296843
1759968243
2491287470
1651447981
7307451614
6405023971
5365005770
1407132951
1592145612
5566634538
7241361575
6036238452
6065704356
5626136031
2094812244
6270584109
1686418422
1944201443
1779156432
3211460101
1931089763
1954097603
1402602034
6088583586
5604894005
1645572535
5529027517
2267654861
6473206390
1406892441
5967300123
1868310850
5465575861
1902495877
5151779913
7539606280
1693604517
1781087281
6185342931
6723359387
2955043324
1736988591
5831049492
5714318316
6059269661
1067103453
7291169635
3173006595
1415474852
7310113876
2262798893
2802988190
5856749806
3298442745
1498522714
5964201569
2728595730
1183929802
1235481371
3926831998
3045710232
1695038020
7093365947
2712269231
1798050592
1497035431
1347029241
1765690715
6087949803
3433770174
2387282304
2453653365
1472504524
1737518574
1871861550
2995886832
5885096139
6073680696
2332833295
1566792693
5030117493
6982934722
6521696772
1965428461
2927640953
1943042910
1595749277
7156037840
5662005485
6519912832
2023744844
1379749181
5531250302
1415663537
1592635380
2281157913
5382742539
3751160684
1630855457
6115387781
1686377983
5403964641
2631247821
2548680774
5685395646
2727950331
1964186203
6150722123
5487070596
1667041675
1073954117
1766174030
3177186132
1650263664
2203282867
2546011065
5744696956
3880158707
1248210967
6466762854
1657995445
1711921607
6023864410
1366070853
3047442045
5209715622
1649380687
6616358511
3258068280
5440374917
1662885383
2004915547
1746575865
3645348205
1277255972
1888396881
1766909504
1871051730
5735446822
7269367800
5520330009
5885526534
3088981571
1929976053
1792589113
7305759370
5974567598
6857869440
5815100586
6198994160
7334127311
2889419127
2044865075
2103450963
1112829033
1407486565
2657391255
6644146625
6158985839
5228942622
5207524326
1794998604
5079619679
2535081262
1774931493
1827363695
1707717952
3597569230
2272673835
2119801903
1668277257
1858565792
5750600479
6128414448
6373105193
1612188637
2818435142
2180359632
7304955612
1497337850
3613719420
1747264240
1715303360
1420862042
2609737945
1714261292
5390605377
1684372303
1884519404
7072422900
6807359318
2334479323
1222221682
1770650780
6089488571
2927915845
6267734888
2909321274
1274375862
3612060127
5328610519
6727963274
5406671172
1247263945
5315678441
3314422837
5975975823
3892106542
1733450212
3768854581
1601173705
1980614363
1723602100
2189376695
1878206395
2971454844
3179558363
6700307821
1824015157
5101844765
3175581003
1874620231
2904869231
2525418257
3191640945
3219189385
2358420085
1730094672
5023964477
1057366362
1738933752
1792482993
3849468565
5386924056
1619330202
6541970084
1800199287
2027156947
5666481284
1405669907
1051292340
6772544999
1915717483
2013457312
1406090915
1236002955
2761980643
1803499633
1821898513
2297302135
2070016800
1151243311
5447181267
2559175034
7439102391
6069019194
2166702230
3925184557
3314970481
1808228624
6487875429
6122670395
1838922731
5786902874
1803015573
2647394453
2662574464
5911743755
1461259327
2334395363
2886358364
6140043343
6322980985
2051471557
2142824563
6527694448
1720489883
5727990527
5834138720
2713769781
6468970691
6874689237
1220496724
1690025590
5193964213
1939384834
2212743874
5784242038
2600801702
2660245793
2066164745
6177287460
2009401171
2704431903
1743040097
1261987584
2338994994
1677752801
7181124054
1945603922
2759588501
2746233713
2009159051
1944104611
2072080164
1225419417
1408125600
3797403511
1897403791
5353709229
1146272044
5896584494
1656961892
2732595321
1879634980
1663285094
1767695412
2579149973
2136902061
1859155964
3192001300
5126735993
1843295663
1743295773
1217025403
5762036471
2135160767
1965153980
2401550883
1952315213
1224941885
5821005622
1749601265
5572685036
2437279040
1619766521
3542956003
3973951917
1726544024
5999527709
5057050669
5828016458
2718971581
5692100100
5506121540
1740293593
5285987621
1564324604
2098511304
1757511253
1646441593
1950640211
6337212511
5731507698
7487015514
1865985351
2069350245
6561455825
5143544739
2347183267
6206493759
6280773297
1830604200
1872217075
1829870212
6574102144
1357592343
1935857097
5884212886
1591361910
6274189607
1915520421
3417202934
5127322330
1731642825
1705901331
5582985423
6161723393
2254493820
2175018745
1926687313
2943481273
1850017837
7471448903
5734188212
2655610440
1442720613
3121195794
7189769611
6340234841
1775646432
6187481826
2539007975
1355715554
3742966420
2479902905
1907595471
6314193720
1670495233
1663000150
1913007672
1768670154
1173923693
2178865082
5270275602
1666141050
2813003892
5847221706
2147268093
3194459965
1822800565
7123406769
1958524347
3780574401
2312102681
1879379811
1676747275
6365878790
3898106277
1465085660
1839186122
1338738570
1891525943
1918527245
5507569981
3231931170
3481951084
1557740883
1813359803
2970192882
6057919519
7464657321
5848983110
2383199244
7055676406
5207812804
1767750441
1219760062
1842706721
6507174124
7126148347
1926346057
2045498204
1152089733
2700162334
2414243122
2036161077
1797084725
2441045042
1645752321
2352174263
1566642884
1458641767
1882151574
1039916297
1965586127
2009182631
1820840251
1368589977
1912635851
7527950457
1849715972
7457756892
5820112157
2311768872
3332844622
1286189071
1804348762
1254926960
1573021601
1714199421
1253846303
1490372962
6064084477
7352539063
5020399677
1268518877
5986191949
2483057061
1298301393
1743899171
2595633535
1686394714
3240922127
5584328551
2381938404
1778113132
1463946293
3193443435
1820393985
3547696167
1737723105
5832406465
1217209464
1278166690
5116577674
1424063854
1576974584
1788062343
5128606465
1884514107
1899311027
6725850088
6004273387
1823023477
1897308315
1728897077
1718836754
5242953709
2475469234
6620210475
1905895522
3847403453
2142609687
3204313415
5870133016
1792429657
1694856070
1347462091
5974658626
1228753167
2557719027
1724060063
2562282372
1874161683
5881708344
1924011973
1925062481
1046593171
6100165591
1683530260
5187466837
2610898374
1400854834
5073885936
1261938224
3138561560
6512552667
1006205227
1844287655
2171301395
6856286584
2687660797
6085728607
1913248565
1846511793
3583823047
2303656723
2155287920
3819197734
1230195200
6567924640
1950596297
5062578680
1226255247
1744537562
5263442167
5789311979
6038285731
1837591523
6177343463
2997570695
7480824636
5575663913
2202947834
2418488671
1633936332
1729650863
7040797671
1244630241
1375612913
5878949903
2208529700
1781459757
1584839660
6517109236
1627489640
2675011585
1644944655
5619705411
5526592993
2342673701
5599967620
1880597785
1916950497
3769563533
1045396824
6140286641
5372333758
2311022543
1929173197
3908826282
2504378580
2706543823
5885340893
5030637854
6386440297
1700055665
5972505998
6126921854
1823245035
1621078697
5264641136
7562098707
5876465418
3547215371
5307012945
1729737941
1510280094
1773896055
2607719317
6061301960
1644211062
1793665460
1532757265
5105490245
1693782462
1698195524
2016314535
1790059085
5827890522
1815200243
6559466266
7482623286
7449751032
1803554510
5939109236
1826854303
2512291727
1203834020
3962135262
6521290850
1752720237
5503390144
5603216056
2789324301
6787376528
5777276713
6993699895
2700797874
1218058901
5513661433
2885273312
5816517263
1801303387
1824551440
1743298017
3297913510
1086782701
1459567682
6419271563
6078487249
5347777444
5803055814
2084554913
1916468595
5667134756
3671545774
1989079033
5135653348
1763848785
1682322254
1688623921
2939656173
3029879143
6285033799
1296252953
1597797962
1454843374
1786937891
3927310323
5999951492
5308424655
7451565952
7264401557
5763726208
6918129308
5429978556
1796746792
6225985183
3962982466
2010261880
6013507301
3934961025
1773828844
2286387247
1239494300
6116038225
6318975546
1944983397
1985114465
1518297000
1448172493
6030353029
2516985571
3312472577
3927884552
1954508863
2153176391
5559367556
3743622090
1940921935
1864207304
5134000090
1831984434
2694882045
3708072513
1748440995
1631750727
3309403941
1598652713
1900586141
2516145622
5844376090
1735890131
1883256791
2568608550
3477773262
1727191592
1660963912
1460975957
1252407505
5131928933
1760874935
3208249411
5292674133
1880240351
6498373231
1878760231
3780433931
1455543965
1998104363
5938172949
1464286862
6028895084
2476894617
6640656158
1432198992
6051721354
7546372893
2269438254
6547391406
2258945511
1162629521
1904707825
1954401701
3805997721
2091397213
2211245370
1069384980
5978704223
1597679002
5787565085
2813285937
2001320751
6638329143
2909128931
2053016910
1865919761
1605728247
3255440224
2346071144
1892002452
1785976627
1892305742
3535202283
6008108107
5048169615
2546469775
6060097900
2090684825
1670116584
2118691657
1648545765
5385182891
1687465131
3884610489
3083674060
1593767663
2165312365
1270816253
7275788878
2097395173
1877102845
1734442735
6530748281
2413792532
2678299017
2103197132
2209030102
6715482741
3353970192
2414767281
6055185685
6073550191
5174129888
6452812829
1439660697
1544542383
2210426790
5534445872
1392639761
6062446059
1913252500
6519556066
2447248383
1086344327
5039775130
1299060785
3951607073
1046222077
7547519044
2623241282
1320471657
1145642397
1310558230
2063690267
1793254175
2800387985
7006372128
1593711535
2253421285
6086099350
5896329374
1465832951
5365407056
5382520929
5761698006
2960395863
2053289812
6053338099
2020238921
2576278033
7340911441
6068259838
1395738842
2157671673
3723521822
7158501606
6456430366
1864629614
3622206001
1763912522
6395503801
1731285993
1827656761
5556401020
5389720333
1216607987
2624087621
2305397872
2162177421
2820457935
6336697073
2119963622
1771906402
1787124455
1963546385
2621678411
2531903842
1732556255
2736575950
5318163490
1220562903
2269554282
3761868337
2196606910
1195201334
7510220281
5943319555
2520411855
2157238653
1559383255
5431171340
6882856351
1296760945
6468999337
2910476917
1136247752
1781217105
1790037791
1098650542
6523301977
1704210150
2667786461
2750621294
3564477902
2609718543
7362798195
1654528815
3012997071
1700162184
1745655800
5587951849
2101333034
5476221514
1664000191
1965679153
1168581362
2043159625
1733326334
1405766233
3223086795
5106578893
7467473128
1751197201
2822805792
2272959260
1231624983
1862774610
1297643531
5345960738
1883609391
1450382913
1937183945
2235616435
1789725061
1070661284
7351133418
5561594709
1812411987
5400369364
6403692491
1407722902
1610501803
2400897985
1742174121
1186155060
6526315086
2385341970
3086659841
6033748379
2280237085
5225359624
1877807763
5464197497
5995030048
5022068221
5234816595
5726230680
5823180089
1267250293
1662055661
5986894965
1938374044
5511543455
1809825480
1923523981
5632789700
7457115682
1956789077
1742357885
1806584232
6356142753
1910456937
2614834404
1257000310
5186745755
2647143061
5716295710
2576867470
2960524914
2004664257
1830779672
1649287405
1828208633
1933719015
5331477129
5088873219
5941967267
3623701952
1746691905
1909622307
1768103297
1649820457
1249093763
2779418363
3610415015
5790583221
1221707263
1856999022
2392047052
2155183437
1292380541
1772914881
5964388189
2754831553
1630400642
1818561962
6422953154
1861460685
7240796189
6401504873
3825651010
1589153251
2770532233
6404610534
1798591054
1222070805
2259626861
5108258303
1211707107
1397407952
3069348215
2174194973
2011844002
2073040423
2725063771
6334654079
6859405154
7512741831
1724212444
1856693732
1925453812
1790550774
1533464847
1221817304
5593360163
6421824878
2705774900
6585123267
1952623501
1797256111
6575280222
1213529407
1789446585
2818410731
5392324760
7190518113
3884760699
1345200083
2167582977
6293988212
6053037130
2006069613
2113076563
2668045542
3063393871
5388667540
2473675252
1325265980
3927379460
1371731565
2971069907
1805088297
2463002467
6918145731
5559148481
5692195613
1891820962
1504145281
2286189313
3562075904
1453357387
5615460781
2183827614
1715068563
6499690097
1958709757
5655542512
5628860519
5135616559
7189317456
1459314000
1411482802
1913957822
1211853330
3310797680
1772440677
1995091507
1483258537
1882860577
5685456391
6579715655
5101863971
5762537418
1930167393
2501790365
2095373571
3637176024
2949326293
1763213732
5799441185
1649982012
1898127921
1453706524
1566301073
2419660634
5909346369
1279385770
1458441840
3272219974
2101445054
2039556740
1375064863
3224580794
2761282453
1841558887
1271366733
2607584621
3929398489
1342908284
6236472281
1109896367
2758657165
1661598840
2049002927
6399494688
5611312856
6013276406
5548994278
6597652719
6631331692
2931481071
3011524425
1249419685
6433278263
1897743001
1231343374
2676045010
1218461955
1060618411
6311875788
7556339918
1783721484
1649614847
1601563722
2254834791
5761350020
1654449090
2517763224
1789505151
3135331811
5713365044
1665736437
2020331253
2867102960
6185356850
2652896620
7261545823
3975207538
2128063552
3987469899
6539687725
6028010462
1210417191
2415786723
2099956712
1494759712
5487938088
1942342025
6512472429
1291777575
2772949450
5743525008
5105591532
1689423542
5482926337
3762825331
3094290237
2167215707
5616359044
5503315118
6041673899
6227997944
7497946798
1883519570
2156430897
1080805430
1760917667
6150263221
5622050704
1596125290
5771690234
1448495451
5059551923
1830763367
3185812693
5770656516
2397661315
5824889956
6452235868
3015961847
3213107764
5583884352
6210943621
3060662281
6047643640
5124470749
2828959260
1454338611
5866295197
1646592141
1798144537
1856902277
3169475285
1751940350
2236554840
1282531807
1233488674
1195883527
3230715380
1918793231
1908960725
1769901755
7283364547
6438176041
1364205252
6051660290
1025994511
1866904841
1577548202
5490930609
3513796010
5796921011
1664057361
6510377109
1878218313
5184322519
2098480764
1735918992
1829822693
5582989822
5459748072
5649138042
1708823242
2856453724
2576065263
1376420267
1404908411
3613095012
2116182794
1688213071
7073268402
6172903610
1842357963
2820724107
3637091173
6439292437
1688727402
1443266094
1852618004
2323101850
3194134074
5333686728
1173360372
1718682551
5442624478
1198367585
6006841844
5588388976
6727982175
2723635982
6015357044
1708846154
5124182231
5065001276
1709433900
6881610537
1820578701
5943637097
1670989451
6297145134
7226806124
2823705065
7277548133
2130398271
1689987521
2198060985
2201578383
5833891281
5586965954
3988950033
1867082024
2426844980
2475798857
7228962045
3901429666
1654390540
2089843953
2707106641
1496883514
2848749797
7111478048
2177343345
2334113635
2288032652
6411650538
5874584452
7298638757
6939127663
1243861101
2731923027
6574143167
6058299650
2607134657
1773223960
1565854693
5462196559
6593203713
1550740932
3627137112
6391461090
2281717305
5957947374
1668040945
2047743015
6319249580
1794698917
1993350880
2557687314
3995233655
2207752951
1881428655
6171000479
1809017840
6444095785
1714319083
1150648803
2706896955
2021833283
1652678204
1862836682
6671126686
1789124483
5508734253
1900489235
5678690954
6046828018
1820595394
2565076103
2814059080
6017228113
3493060662
2880620770
5042084940
2124179795
3869271294
1957916954
3062169625
1918701632
2259020782
7189054632
3190745041
1417232967
1913963515
5933392166
1773321213
6368948064
2628772841
2652764231
1563134600
6622108777
1684838781
2013006481
1854964547
6583929199
5995163148
1589147860
5354730186
5523273127
1266674467
5531814941
5942269454
5239565445
1152440821
2252432865
1283022704
1875871235
5447539352
2465367492
1769795072
7356053006
2913467383
1781524071
1871821935
6512961121
2015752273
1747513637
1909745695
1007690313
2447895282
6918126215
1834818495
6126634502
1836188127
1800777265
2683426017
2607289861
1671342103
2124191192
7499373143
6339887704
1693500547
1932166065
1457734233
3225422170
2294060951
1158392255
6541054265
1456735502
1423913172
3751470533
1707114464
3339473230
1246856883
6397899452
1852495255
6066201465
6341720811
1885797120
1679952652
5559114698
6012864553
1251257525
2659162631
1770545841
2408951592
7015760501
2920731854
5709253436
2637276855
5309327392
1779737457
6019120577
5127716917
6808032585
1728899515
7459686198
6084437509
2613429371
3424662300
1301890202
1146439687
3042973207
6128282749
2299698202
3922723320
2354320534
1737230857
1305012374
1683644033
7029298835
1112635044
1646422590
1668244557
5723095781
2422528271
1832433397
5719831301
5729895874
1919716692
2989587207
1438123671
2595079843
1744842632
1768521291
6345041417
1347411011
1689138247
2487426344
5504246480
6232816379
2182705634
5097240015
1876572531
1807436544
5513901913
6612812059
1870795791
5043602253
1779613255
6069787217
5507149780
6431897467
1265295777
1974514450
5739256130
1057684024
7346125564
5157957692
2692101993
1245161127
1547596314
1795122267
2817947075
2491656325
1234021722
5111922755
1720383615
1372925063
1856154011
5379145562
5130818068
6039377630
1766137657
5101787982
5380541178
5064590532
2913605205
7047915958
7003903797
1658625705
1913348271
2060472761
7147523779
6204112864
1991743625
5038902686
6187292958
5865650477
7360748659
6562200929
5853982444
1944136365
1853544207
2843500870
1676267795
6136459308
3733850024
1303909823
1408084550
5301748096
1878604721
6364918959
1516617405
1251186131
1824276223
2553226277
1884175465
2272115693
1930959835
1665928561
1822894882
2550198830
5493202640
2879665882
3193039841
5868415578
6072274977
2003994831
5582791556
6673243056
2475805315
1830438495
1668726803
2084733697
2116633740
2239262721
1950154857
1401844325
1766503887
6772168563
5884508227
5943250224
1641018922
1841306841
5602073113
6241757545
2434021657
1762645362
3649375943
2530520950
1058820324
3169912763
1793737727
2649439861
5619783542
5312212001
5909085045
2242287503
1338390651
2749308691
5692354240
2097962963
3671379021
5934190720
2193709705
2856925967
2236185177
1815361463
6023871080
5872151426
5263257171
1639613723
5264079382
6358176476
1267014817
1743162927
3567604711
5241254714
5821057614
1201573204
1410364817
1788316762
2896129355
2198328875
7303294565
2168877314
1565377705
3186832183
5519916042
7025731054
7556516257
2146965345
5961824781
2648552962
1864049633
1652600931
1918887364
1710918291
7466623903
6691385542
3064209773
2078123185
6415653798
5793058400
1665949977
1501877483
1984089360
3318915395
1420398274
1839464990
2520946730
1833963193
5634644631
1984596001
1212628343
1251933173
5117856493
1907542963
5488211312
5042468475
1779911332
2816813092
2071403210
2816323261
1787697542
5232671688
1250069244
1832665202
3899527315
6298572274
6361507022
1809782810
1642254165
1703612533
3779962062
1803648617
2186486421
1831589237
3746783107
5259310525
3671519134
6531158174
2628714111
1236922384
7346276622
2554325211
5056788845
7082115497
1930072831
5749767678
2949411257
5089299669
5942885083
1737995327
1920065201
1680990025
6820265747
3762095733
5794460389
6247083138
5201569182
2579134787
2791546850
6599362465
1202495001
1264775587
2814305010
1701314151
1907166177
5684275196
5991719195
5461226660
3201082757
5456450434
3005381134
1548464785
6648480039
5809528794
1724448804
2630431533
6007753606
3198525644
1761985590
1976243780
3024245263
1865328010
5492434111
2675030687
1595443924
5400531923
5538102752
7499227003
5546028811
2702986484
5661569843
5874240306
1193664907
6620391167
2395607675
3244268632
2727500161
5094114050
1897509683
5266627277
2057599690
5103328156
2247757087
2498948744
1109845441
1639843251
1654060253
1517916214
1791839270
1358776365
1773416981
1405118924
6061180654
3912817023
1496809655
6841300433
2615592231
2307953755
1863295327
1426776827
1240246333
1403565301
5645214875
1279212695
7189114397
3249773532
2099597863
2282086682
1676582411
1029928772
2446703550
2421435237
6350468008
1892542061
6606951902
2043290795
1320638164
1992133181
5584376600
1644492510
2204116410
6820398627
2172741005
1906286443
1812175903
5929913881
1269307030
1786833911
6797442614
5643723331
1098618600
1664207987
5546567858
3783157493
1229068373
2420703255
3073597827
5345026525
1863735295
2796532580
1733333962
2580141983
2779105947
5938216983
2017335643
1821367217
5708774628
1457512222
1804320741
1073238785
3877731051
2610441361
6334265024
5648400388
1003763994
6094785552
3011840135
1933585575
1800544615
1562392787
5378851242
3083673764
2709730677
3305102355
1974725053
1819080883
3225714712
6332391741
1462356705
5277882687
1314154381
2194035935
2026955024
2028461421
1942306557
1285478591
1727568051
2030232621
2042714421
6698834494
1249819153
2035523835
2521946384
5571807718
6080025226
5533018793
1742829237
5173531715
1211107793
5495878703
1585439527
2540073201
6027158577
2828490880
6055014839
2334112451
2609463001
5644785953
7267054320
1369511654
6929988517
2477304015
2874110744
6241714152
2390180961
1282282193
1293246540
1045009673
2319016295
5349821100
1526852490
3488518240
5738106023
2931949942
1749100171
2565034475
6894224220
2245159373
2743660622
2168026430
1240049410
5871677611
5392146366
2034678150
1045794250
7116557311
1913357620
5925167272
1707674963
1326564030
6405661046
6331869199
3191176374
3771264361
1780796815
3243319130
1770667905
3214236040
2741018211
7284299679
6443489750
2136587243
5710249675
1259228935
6069195626
1876770901
1970502005
2399077197
2509957492
1847178841
1248044160
2406295573
5502007055
1267702067
6313339507
5119844827
2759236193
1980768563
1613675183
5717515328
3277922565
6321411867
1494761561
1654184992
6041791437
1577615193
2453801347
1497991440
2809646117
1305807567
1734959391
1874361623
5626482035
1878572677
6519892345
6073800830
2750586585
1892224480
6543910433
6165062216
5840401848
1350261990
6692757717
6450569508
3052431033
1616008071
1867921172
7372073742
1464082895
1892281891
6918148468
1960973265
2782198911
3742830150
1496864631
2212935714
2017031100
6229440073
1703935353
1071851197
6431354232
1483820045
2017595255
3298485840
6246598941
2674150531
1910848371
1994578107
1769186962
5661268657
1293758223
1213494361
1302778544
1613678254
1247984393
1567110561
5709848118
1009515492
1932121925
2123487371
6620378583
2218713192
1753195531
6050033947
6289598812
1823630913
5062617355
2187197345
5995972875
5274336717
1689310507
2462235575
2150941820
6934743003
1737465121
2841940020
6208104550
7276915874
2140141403
2106855375
2150835921
2258920457
1424710994
1744161995
2714501363
1734342702
1245002862
3625540271
6128329691
1223891223
1692677257
5097879882
1902587980
7333983986
1730606812
2153773471
1034085964
1022218374
1267775677
2100445057
6591084640
1758102755
6267714365
1742032675
6105762974
2629273433
2597701837
5177703103
1729294695
7013723175
2803016407
2942034994
2617267754
1942915787
2743487997
3443602420
5743456525
2295188941
5308772257
1420174783
2609934713
7342587352
1840987625
3554444773
1938302413
1967969673
6431215818
1345948152
3911702802
1418815227
1213676462
5203908519
6634680060
5264080525
1682440731
6478549937
2751544317
2885919654
1396626753
2940691913
5531866579
2430171084
1711437447
7220953103
1679583062
1826799355
1689933173
6459775320
6424348337
5733423115
3930267808
2426194884
1736296030
1650834275
1078577997
1797326783
2302605873
7084725181
1992769421
5359086402
6437775332
1822432725
5647410264
6432721600
7294722183
6425103916
1919842494
6555663972
5721662533
5677602570
6162872808
3760850730
5765378903
2615861965
1167395430
5143335127
1282448044
6398849437
1775794015
1319066361
1807743600
1430367804
3486415705
6361168292
5534618500
1014955383
2457455422
7574170887
2913434537
1665074831
1258937360
5793228607
6294845259
7343437188
2189485651
1978824620
1603280503
3948988706
1156966391
6055311919
2645496432
2748328853
1767058121
5364764621
2168400854
3406973710
5389479100
5714692777
3816763577
5612278337
3834657916
7391565872
7002110999
2103762620
1960846157
6523795119
6444057818
2512196737
1760522064
1498255735
5581544929
2545230535
6036589773
3052765755
5816956518
6068854020
1804164133
1844937292
2544785815
1690554492
1826153033
1198149195
1320216427
6326144005
2016321571
1793208951
1339110465
2271288660
1450359667
1771311815
2102188492
1196855934
2303608985
3826167928
1960625124
7202500101
3325704142
1893410897
1271958597
3893394337
5888499702
1715771701
2753194503
5870335037
2645371010
1709405635
3761101727
1426348890
5806570169
5135808743
6495618931
2135478131
2214608710
1913406940
1706350550
6144241262
3612505834
1701859401
1669537002
3199381437
6258207804
6330863449
3966129175
5542936753
1252103722
2769301163
6865647547
3209967147
6036510734
5720910369
1680950470
3655831647
5372858389
5182989581
2034708675
3710258141
7436674534
2565269870
5781008098
3237921343
2022574361
7498971049
2611415173
1879205717
5022773103
5409771562
6354488168
3780457330
5220987552
1760304505
1270418745
2573657083
3217680342
2140409254
1899156270
5082202291
6130650866
5484277569
2520381233
1401966845
2139949234
3952071834
1111142595
7327681493
5860401438
3960624673
1232944350
7006367380
1496810217
6207153564
2859273300
2930899023
2923164583
2515625002
5643908670
7033366036
6592447278
6048019873
2836379781
1236462225
2139340100
5891928253
1233302995
2808295293
2121697095
3171019107
3313256852
2179501880
1863614307
1862350343
1798330264
5695981424
2216776824
1783497251
5345190814
6163765186
5977664400
2294650094
5368640649
5909289069
1832386433
1368283054
1987665835
1654999207
6103204781
6436177344
1651209077
1391954182
5996022625
1664452280
1303795450
2904210647
2720744300
2369594893
2278618437
1807981144
1792203847
1652852544
1897883115
2383794544
1779990993
3189508271
1242159641
5308669069
2009747383
5794584039
1757045181
3206504660
6420726021
1242030201
1775129933
2151979842
6342327181
2264713730
5407349816
3108949955
6883280403
3243232665
2645861077
3951975029
1770154187
1301640542
1099271560
6809058243
6404198995
5942112917
1192628873
1182419985
1408166522
3912468185
1872126285
1867940992
1665453062
2703597591
3281050717
1734190285
2492479574
6552667925
6336412327
6508592324
1871129014
7380334637
1842114595
1428446755
1232502751
6293945968
1814883323
5367283758
1458470903
5546555471
2712571761
1757449167
2185296971
6312019537
7339743650
1728075833
6414542224
6037371864
2092751083
1823809197
2156211775
1862435911
1657668863
1194726351
5871417814
1839283393
2330468423
3544812520
1742944894
6891433951
1726924044
1282283392
5675300793
5520958981
1435959571
2107493602
7026213668
1550931270
5723618246
1806574045
1096778425
5520247051
6327641152
7316383155
7121769138
1932266093
1917884865
5948310549
3922221653
3514938052
1878373450
5938287643
1865523004
2661181247
5540274783
3774167367
6280041263
1783495970
2169306777
5599672187
1226157155
2238601175
1826595164
6180132521
2175336707
1737227263
2437224995
1766731730
1750987233
6109610977
2837861570
1893903530
6721400287
2171903694
1539469391
2132803263
1735283930
1959465181
5684987014
5982151190
1583370930
3245550107
1486489760
1884860253
2017395685
5398987442
1655767395
3953900563
7298571074
2662750333
7419354836
7364614044
3832169208
6409427255
1716251704
1852247727
1800611161
6084363077
2524855822
7149589669
1733637632
2909406375
1677157797
5689119807
2703181224
2423757750
6884436579
6015502757
2174434083
5320574913
1686263647
1758430381
1670757820
2912463505
5035763146
2351518005
1656784573
5263443358
2396815443
1959830294
5903039074
6198583552
6613335022
1966870313
1704067963
1821117542
2865271332
1863784833
5291824241
2903136583
2704737004
1655945173
3058532275
2871033210
1390804335
1448721567
5456440953
3075671873
6021003247
2614720585
1199465702
1847116872
5096175964
6243908379
5604258919
1801879781
2297594122
1650529184
2834719357
3050968067
6173227290
7507208215
1167186364
6431666974
1649469927
2042198575
1421067881
6554376707
6035136767
5161204669
7056167703
3963209263
1800233145
6517489597
1642808643
5625128192
3152898270
1687198333
5125859452
1851010570
5802750513
5246288285
6809217978
2823417024
6132164159
6573632276
5115469953
1611326233
5506819278
2154785343
1734466633
1504210782
1794173487
2996950364
1649679354
1647282805
1198922365
6869853261
1231253604
5876799226
1757693565
7273829524
1168429370
6392713773
1418113447
1349481550
1761823392
2507788061
3979079981
1266120347
5672771064
1557010035
2485874031
5517128608
1305355281
3606949911
1165975013
1511705710
7327464417
1961381224
2340241583
1342395795
1903666331
1961446123
1234869145
2099287323
1576730592
3810275365
1764208435
1212641822
5390515675
7540102973
1676500407
1292021810
1497053225
2090271081
1676513934
6033027702
6085757616
2213780615
5118254706
2913955310
7310733690
2076852385
1792551071
2096633004
1240845201
1287472264
7463308206
5443468544
5512547801
2074857835
1056695363
1738378985
1403497553
6708563238
1823980351
6377117586
2335594613
5255814135
1646270104
2208136630
7261080343
1243771321
2700138820
1211841950
5647195860
5251446401
6894805740
3112422923
5502359936
2482381165
1708849635
5245428453
1763910584
1577105824
1827889057
2249619030
1306025215
5366410708
1672620691
6019883807
1583717715
1561335350
1224644407
7546620265
6641489480
5626045731
1606797245
1914270830
1621894121
6679810217
1757519727
1698891950
1641542052
2643750612
1820201245
2789657345
5156684311
1516701972
2784919060
6193597665
5999776225
6498488043
7478945065
1842944130
5889506199
5036476546
6249947943
1644202461
5840531367
1854960457
6444289173
1941379052
5799721772
1583581797
3200673035
2022990945
7127253746
2139600425
2665886271
1979980270
2916497573
1638967621
5183900784
1610536214
2246182843
5842676628
1218420265
1867601155
2711059781
6434062943
6174862854
2101292121
1006119663
1897985313
2435194412
1577149314
5676384100
5642298746
1736842437
2126746800
1916051994
1685009467
2056180751
3029808324
1840483562
2710661627
5709892136
2633621022
5704583200
1750529573
3202111700
2860427934
1779489253
1471413527
1677169813
2621055085
6807422319
2418038071
3398944814
1400565967
1680147090
5211873777
5849028307
2212816845
5813666148
1260134537
1104343893
1471143571
5645465545
2851131640
2400814017
2180551362
2393082505
5656799710
1804784381
5575137733
1770390470
3224423683
3883023138
1807812760
1801122223
1846843604
2398099392
1548592460
3618485824
6869725741
3163791263
2219794733
1929141403
1967737483
2255816822
1835634707
1421212334
6485144626
1717122750
1706715944
1676868877
5061811858
2082458831
1180557177
1442246695
6124627606
6029699932
1810074673
1743391992
6036216308
1273380037
1662194560
1742703365
1134233684
1405566273
5118425643
6084235042
1240381745
1303392990
2938928551
87983617
1858549757
5346944523
1871278902
2156491220
7204926258
5725853889
7339003876
2100377362
2622414791
1835539930
1404289013
5104872102
1707050721
2694995107
1762257041
1719156677
5617176541
5588892913
5880696938
2248920315
3230095234
1695194012
2001649075
6010864489
1866792355
2707680023
2757566513
1676713314
1088413295
5132930861
2362064957
5890679144
2440868365
6019888906
2354904481
1822427143
3899502343
1313003972
1763998647
6109985982
1918180903
2258207595
6124016822
1904405464
1746450452
3861421632
6570958356
1692434231
2029045054
1964209742
2709814831
6063018876
6081603466
2977875381
7401188778
1841884970
1812963492
2389083964
5376439745
1734501653
1143605707
3359389864
1136063370
2281729490
1914421084
1313176292
1671416902
2136520660
2840252665
1979888493
2127895894
5869689197
6094846964
2283480632
5624893660
1279704637
6579479488
7419913743
1044173452
1401880315
3764009732
1894225741
2754056425
2670985301
1294761734
1683814612
7258536407
1658570387
1527347404
3627649203
1773670303
1018367330
2393886580
2937990707
7496497041
1422243094
5876667710
1257173217
1910250891
6201266291
1293392677
3743621915
5767068462
2155063647
1318252980
5893322148
2244939324
5512942291
1855746193
1988354725
6191302908
2420864952
2912469585
6987754075
6372858738
2375560742
6183926559
1029374230
6605721388
3174559295
1894708010
1290042333
7075043252
1689023367
5727695436
1909779123
6009074285
5111751117
1689664143
1567931891
5655443785
2197138592
2512481642
7226927648
1824725150
1476882272
1176222671
5946185981
1984885365
1725736531
2839299675
1885914352
6331571251
2882083237
6544557323
6105767397
7189009576
6414205745
2602393113
2322312760
2031383133
1786881415
1929644930
1448589414
1562293297
1786027314
1195301385
1432477607
2718604160
5498906468
6424333384
1029731770
5387650529
5724042260
1819792477
6066429311
5497993620
3285962993
1658768790
6626335508
2601190195
3954584090
5888859034
6052108579
1672418622
2025110773
1807371273
1232400571
5601908881
5310047613
1676679984
1876516967
3903579687
6995846595
3628056190
1411489797
1719139713
2342740757
2320812091
1233811127
3027627937
3863249302
2989040942
5546480558
1303413073
2984695154
3233395400
6622680532
6481348466
2607493815
1731274212
1625463731
2437016970
3165467522
1642500775
1893339572
1557392913
1847912164
1651459561
5111014752
5141639130
1781863931
5209478895
1375964480
3499679720
7342545561
1914919243
6384444965
6430462284
1159661952
2578736393
5125215184
1922226283
2495784474
1751771045
1677318422
2212311917
3153511812
6456871683
1251560221
3866429926
1556349391
1760467090
2676416063
2522677414
1797963955
2156041904
1666969831
1985375991
5926318749
5453551228
2157873895
2209191810
7240057442
3759623112
5904536743
1882384831
6543766562
5292229546
7311266407
6054814334
2942553141
2248834985
2806632277
2767624695
6201047299
1915529831
6172769802
1224354677
1250748474
6583172803
3125368501
1852870907
2020498125
1625667765
1191867367
2512591982
6608764879
2806353083
1965339305
2496053792
1863479941
1839561230
2580102771
1750606264
1826686931
2145830832
5852861043
5812613283
3118051585
5271725386
1244366740
1225205711
1947498322
2154118183
1049351630
2389370925
2278467204
1609953534
1410812623
1745465244
5066277848
1761920103
1173225382
2058322087
1526202781
6089150236
1797944415
6067845782
6540428191
1798000637
1651422535
1781527123
1866290931
1395929814
1604645232
1869861991
5489598715
5592776797
1229587265
2270125603
2841054630
1994941741
1627598645
2919470855
5280245114
7291960699
2109221143
1157864602
2442786985
5546823196
2769313637
1401659004
3825067581
5634100124
6629516621
5941459143
2023224673
3834565010
6474351875
6186390581
2714235243
5653394957
2647632922
2271856742
1946455340
5299323290
1761525207
5613151293
5581363016
3509441845
3936245280
2636237417
5836366536
1183322093
5830843516
5596473314
6480787356
3044737513
5219992498
6388281935
2610020434
1241315407
5317527316
2119584517
6029388864
1915045637
5605346413
6443471473
1617242303
1650470894
2414497950
2154042825
1635945587
5292770234
5604170465
1231418524
5020784034
1853051537
2806695512
2114682213
1363450462
5881975508
3889845406
5539703320
7335511821
6462496114
1785262372
6174509799
1226336911
3159893944
2194970433
1259655275
2395772537
1681213010
2693794880
5619255143
6501337469
5871676948
1937167257
1836521642
1688781511
6271993202
1257217114
5628495345
1010643607
1362607654
1466983257
5629195935
1867889252
2640659313
1763452763
5880929106
2165357684
1861676443
2609526505
1850240614
5490237169
1763326880
2467181041
7317192958
1235344457
1567933683
3986774075
6046996812
2981144185
1863644455
2140238675
5544385067
2627364707
5537147004
5635652794
5744412513
2464323931
2938916893
1585184627
6984377567
1642668845
5496465159
3238968204
1652118111
2489917511
6249230127
1627870954
6185605584
6174266291
1980171117
3058636117
1834704830
5214060545
6463320469
3925308070
2609985234
6015780282
3856976436
1411857814
1292145000
6283676121
5038498613
1758645845
1491569192
5019577390
1897115567
2297255040
1843310320
5305316336
1802327843
3187525994
1261934551
6303322687
2994788330
2023103977
1709282765
1848939025
3625749873
3487079360
1870177574
1943222777
2199840307
7053475177
1738877650
5895037296
3173951675
1729724227
1596931083
2144670973
1411374460
1002224393
6260534625
5587119314
1804757451
1800794691
2711673577
2110482203
6858843303
7371136008
2013286763
6357751151
7331945355
7260547816
5508496847
5996027617
2095583617
1806572040
1622492772
1640005153
1782540861
1765884034
1792029065
1771770621
7026743045
2101688615
2651045211
2828565592
1370674384
3052673961
3227812037
6510406958
7359128164
6013824749
1935609105
3686872191
1804342520
1811865445
1107560787
1593269082
1789651114
1973669277
7097115824
1788351887
3275145264
6864008520
6060404248
1885924871
1951625194
1947591324
1256746277
1053708354
6440619466
5822242227
2641134300
6563221434
1735936030
2155831414
1654271801
1652556823
1890696165
1835110811
2115523273
1691260001
1757381295
1760820685
1481324167
2880940323
1670697373
5523028038
1108613250
2002020501
5023069053
2166273842
2012050640
1730658425
1899376795
2279033217
1249458720
7259235526
5717676307
1818839645
1775373704
7199007062
5286828145
1844458852
1416800330
2355120441
1441799473
6187580687
5585031728
2615256060
7385827465
1517136757
1843484674
6512991534
1192775210
2808337131
1638699153
2170768594
6225989353
6269704789
1785951595
1263317424
1852376135
1772778695
2186800792
5909185172
1749167684
1846629197
5890676237
2473262081
1751324141
3212093237
5402666134
6911306765
2849557973
6389347303
1170934721
5220398012
6347807927
5502606088
1644284007
7200602866
5205312904
1420721487
2467008834
1904527535
1959430477
6677397229
2780712844
5856432614
1820485935
6048496695
1907518591
2392425412
1294978291
7333053004
2342848315
5992829552
5318321078
1517249934
1905739075
2068602773
1858507084
7355573012
2461590813
6012280179
6114166775
6777914757
1655953140
6050873094
2131717525
5044030521
7265855960
1994516565
5497815329
6242906619
7121642724
6168787538
1649673230
1686427645
1746623303
5691973739
2806155043
1455197710
6041616816
3167571163
7044556413
1235321215
2211298093
1644689710
7440841161
1976999325
6177529873
1700625374
5968995903
1676594793
5720135377
1798517602
6231570427
6543823943
3915675491
1695847041
1593933550
2957820881
6451200432
2138732007
1746416583
5308420187
1789451151
6161773526
2812969717
1937992873
6474140990
5263437952
2460034857
1726938950
1446847653
1218869573
6324131135
5947475686
3060709037
6440513344
2104645281
2837256310
1579997553
5055109473
1639769750
7316475035
5973198651
1835783522
5115736756
5955522070
3241361350
1285766055
1767900915
5212695504
1968177005
2922193551
5753994729
5815551992
1242388827
1846360445
6557248346
1820731083
1222996633
7568712340
5035622360
3170225114
1194265007
2043507173
1268336224
5286964653
6215604314
1707254184
1644097933
2662636615
1237404571
5745064593
1813213964
2400178233
2956865323
7384823833
1349741074
5725569802
7208784542
2128796094
1907380525
1773958670
5110115596
1934388590
1095240537
1761179351
2050506733
2948117283
6137765756
5326595969
3626485974
1574597861
5518114254
1273204392
1859733894
6041600508
5822025738
5941687237
1626341284
2031278701
7479411605
6775494073
1349541437
1737012233
2197875820
3896690403
1652304913
1923390687
5079945197
5678597268
3149287017
2024585480
1685888631
5647970123
1329201253
2292400497
2008986745
1078448450
3106067511
6065763336
1499060562
1866319581
1408078073
6585862385
1642646625
5596775176
6504817813
5224196989
3312436785
2150758415
3831867357
2403258371
2535129153
2263436760
1507483624
1981802133
2102076997
1870555733
2611641261
7500286000
5935300594
1560906700
2149580787
1772029902
2130558113
3221125641
2153137750
1936930605
3175707612
6459276458
1743483083
1866329157
5756804204
5468761786
1104911015
1571568472
2134643435
5386586408
5894583415
1687316021
2307567603
2398665217
5973030564
1833719184
3986339256
1149522660
3981459482
2615292573
1140554177
1558597584
3099016097
1916893044
5632459584
6449472923
6627414121
1195533745
2081470645
1301495027
2099300141
1891397563
5663306458
2653870285
1969023214
1886066392
2092810543
1751168632
6401949135
1844596851
5709583024
2079795605
1973553853
3484941630
7480950994
6530029703
2959753425
1032326380
5508960754
2150511032
5355620966
2482813792
2665177402
6366546778
1591684244
7339454599
2397961280
1313840871
1780622450
5760373112
1565193811
1741036812
2576272850
1905394534
6905054946
1634365454
1229008375
1782578861
5912379360
6883430680
3174813400
5345586841
7209447559
3075448127
1400806871
5347266267
6135107261
1785216975
1988754133
2045222122
1830156607
1428188433
1969534223
5498415038
1253792373
3211088553
1744664824
1732442457
2682617851
2237310415
2057769762
6588821515
1771076990
2155171213
1252327322
6786893304
1647683910
1587202142
1676106475
3601374510
1730936363
5904209315
2099651830
1717157527
7511143804
5048121317
2854337622
5540787756
5456131713
1748216857
1803613277
5830852057
1576412301
1888861417
6933866878
6113229503
1647219501
2840428972
1244013063
5462481805
6012398448
1747495983
1945572317
1972468105
1063417971
1800268221
6175332262
1752758985
3816248980
3816751603
1743969850
2417761051
2677652880
7235308961
2409675943
1246353123
1253720480
3756672644
1978107555
6993015818
2014610211
1906997297
3263293505
1721007493
1766302937
1233839520
6076739348
5673255066
1886477075
6808428006
1700040344
5609650132
1230940205
6533725845
1911522681
5639680751
2165295661
2669536733
2275284204
5268918719
5205967610
5365580012
7096055033
6101764818
2432550377
3100149985
1790316693
1672097180
6361174607
6463184754
1253546035
5929335825
1287370021
5427190405
1224180577
5478024137
1644700745
1956202061
1402447691
2405584352
1890124614
2714524753
2710351511
2116813703
5943063180
6421778953
6066002187
5696234866
3217179555
2633290393
1819716251
7406004749
1711704715
1658239147
6041817561
1731126651
5488054538
6502005134
5774147962
2176092523
6005738451
3163152700
2791100785
2796225265
1064030763
2183789874
6619705200
2440429570
2740402831
2871470722
5727360809
1680376913
2361091894
5833583486
1609119537
7457390677
1766589144
1095325032
5886142875
1750074374
2737892705
3049311825
2296920432
6151889318
5868150992
5617567207
5839667934
6270552865
2531011765
1748500515
1558009427
1841004280
5538407782
2734713605
2610564391
5878397651
2703043681
1738421583
2037854383
2434244217
1996073837
3298621181
2983307164
1750024497
3097410383
7449043718
1403664603
1799216512
5641914656
5344312607
1195942637
3841607108
1080727031
1959764851
5628261787
1736149920
1767634132
1657269881
5747171167
1788775253
5899980430
2166964611
6282861712
1731581793
5912424624
7073806823
3502213434
2193031994
1466130855
5597449921
6511184518
1865936993
6785114148
6510119885
6597965349
3268947881
1871956515
2518570772
1617478754
6418136695
1819630781
1220218113
1620453512
2236639613
1476817753
2164623271
1698772107
1978546531
1584458571
1679140463
1867573015
1828443943
5894431188
1991194723
2625199282
1854598883
7455177383
1735348974
5578633450
6609495801
1813820434
3705973967
1497985172
2882733894
2216334181
2369257095
1404080904
1968721147
1915633011
5497644900
5655742673
1898548733
1433141722
2933873435
1772698104
1644027280
2711791095
1801055875
2783799132
1634203625
3788429925
3167735565
1724170577
2550010642
2349437764
1363064563
1652148574
6509318800
2012595665
1946232933
6607628344
1881083927
2244636102
5643044717
3340707810
3685681982
7293963547
5897915573
2104482423
6357765407
1496846495
3755946873
6060691818
1747363794
2074109747
1957592593
1497406907
5692634028
1800027135
2780030855
1788268144
2066710903
5781209422
1316015827
1831034903
2169860393
2464023641
2095717007
5292579795
7055099262
2206436882
3409161510
1853214635
2586440617
1412779214
5734882379
1876489940
6383784171
1088327561
1954301771
7353047631
6300765425
5636006077
1242347463
2346828595
1821444177
1748708390
5092890473
7037826243
2085966565
1817326985
1193259944
3630635027
6405512829
2017862131
3823877407
1635717035
1304332497
2518959255
1871218302
7295132958
1273979202
1760588091
1853995013
1804342245
1237647622
1770768815
7392924039
2038462575
1249091111
6000000852
2372912404
6380265569
1649586835
1313284505
1896620781
2104867435
6807199236
1901248695
6036499194
1737735295
5764537898
3461224300
1879621021
6104793709
2863918220
2676974663
1280761330
1688034715
2150182731
3587594972
2278935500
1887828510
5147934145
3928201327
3699972737
7214800845
1750683083
1847768447
1305759492
3699646387
7304799917
2963114251
2547916923
1989660417
1531562387
1704764017
1340529235
2248789552
1743065561
5327532556
5911171542
3427044272
6210053312
3102108837
2349947634
2839345032
6665576587
2393178684
7371149194
2093494651
1940004220
2646163860
3896845929
2003940525
7294209083
1970321523
1861892653
1237447643
6312274770
3049010580
1561015262
1959808903
5143125832
2102270943
1749937787
6525927484
3478459251
1142487595
1111681197
2099591797
1109497985
6078502872
3022704283
6363387824
1653497524
1948804434
2196355613
1590561313
2186363183
1408024305
3122861780
1899957437
1823142095
1900324251
1732833563
1980481147
1652462554
3668989607
5653145755
1649553061
6733190354
5185680075
1585102513
1958451325
2262182203
3372316330
5898327573
1806647605
1763708565
1076907402
5236465571
3209979520
5458086305
1405603123
3845183217
2492465520
1739855772
2382502964
6272492664
1729342205
1663563523
6100169011
2090951501
1778375693
2680445403
1177985924
2277838142
6501069784
1733051105
1768814700
1198474965
1514136394
6587004759
1787196155
5645932894
2244780272
3051633262
2297165952
5386856330
2963818631
3910750479
3627128633
6121108008
6859124884
1973842257
7251469372
2095858834
1806217150
1261321405
6858222332
6715574823
3003080942
3267183867
2840204735
6551790436
1302721641
2101918757
1665347254
5559468986
2363447524
1790622081
7465117937
1285252117
5227110273
1944293952
6905679682
5508983486
2845254493
3412132144
1568061967
5087265053
6205478974
1790942835
2726672453
1759037823
1404228690
1764044977
6170978277
1873927234
6416314651
2365849183
6004371911
2282201403
6369200091
2675729430
7293344428
3247893160
6014749173
6105195689
1219921942
5221439722
1821855114
1713961440
5343483993
5399323492
2492134857
5876335386
2614010555
1733610274
1822398137
5575804767
2675612311
6267320635
1295347463
6056333833
1817613855
1775564374
1794184042
5681941645
1910735460
2886624742
6201804706
5192158743
6392033400
1234730737
7548639008
2612621461
2619217964
6508387758
7433207980
1746715602
2616038317
1793266342
7317313899
2564140597
1865616660
1678695635
5107157322
1952501791
3974595527
1291471320
5252290497
5522829027
2171998574
1765748950
1266872942
5288553158
7356377782
1986676860
1690153945
2838117237
5464614996
5966596482
3303100353
1697374661
1864845665
7398120660
6122958002
1403650930
1821135665
1229517775
3069844914
2774365937
5874028319
2556073954
2785240514
1687330124
5893521543
6137791624
1072656700
2461607990
5173583894
5136706686
7333972308
2368122161
5180728630
6633513447
2146390345
7063038669
1899285370
2722594160
1990450131
2922893803
1881732785
6212580212
1587352834
5034901460
6446606757
5327483983
1877185624
2759526793
2653575655
1646239802
1919781004
1885109463
2159714367
1582012490
1259847360
5509609958
3916251732
2160160857
1402621192
1783286485
7529681863
6280142182
1036663592
2619805985
5031382618
6039735858
1760504817
7497150293
1466676114
1974754790
5875872886
2157486952
3177559454
1733852392
6073515397
1157539917
6500008631
1864856880
1651518101
2027687052
1685631964
1611412477
7443385066
5602132414
2734474393
1198058860
2104347404
1810632930
2200714280
1046343632
2677520674
2216417031
6369501410
1741779544
1855790127
3395381844
6655450792
1955292790
1877674995
1684840341
3848080291
6675416489
6001391732
1281530297
1496070307
1601134657
7203109865
1620241042
7092256197
1823484533
5892461125
1639445377
1003954144
5697645435
2591247200
1743400230
1660213530
2017475375
1263977197
1154335272
2369379394
5024091107
1560859114
6864439668
1600638174
1077562575
6126232142
5861344582
5746403289
1283409692
2168992207
1745573472
5113699081
5083532961
1294317314
5702469837
1631260000
6063046645
5213023621
6013313355
1800591743
5616363503
2199316434
5393168751
1707579580
1879437512
2155936303
1773966761
3672637051
3180426430
1677797404
1840204762
2879471483
2266537042
2775729100
1217059520
1588366580
6012806447
5940163654
1358804463
1204539127
1890196401
1414793687
1305437310
2483159245
1210676747
2170951944
6179910473
6605419026
2728041997
1008428475
1674718373
6042392659
1654397373
1763472021
5249067681
1286891293
2889773164
1804553562
1659260297
2269710922
5108939168
6389211957
2255469705
1952293133
6380522587
1751325194
7552653362
1672634524
2089761527
1211918665
3204776153
1167720097
1748264005
1941087920